f1
68527.5467
65401.9086
78370.6187
65742.5097
62717.2545
58163.0359
68496.3294
65069.1736
68793.2062
78292.3843
59052.3808
70573.0825
59705.6534
58573.8615
61380.4494
66157.6851
66198.7273
67958.1515
62936.0223
55318.5572
58801.6002
58995.0465
63871.11
56852.8374
68272.1329
57014.5513
62293.21
59422.989
61438.1587
64897.3852

f2
-8.8902896465363E+20
-1.320922606242E+22
-1.3276411161952E+22
-6.7283675715795E+22
-3.5822124299894E+19
-2.595693521675E+21
-5.1054286066383E+21
-9.7908985504579E+21
-1.4101678175578E+23
-3.1604838445985E+23
-9.3247276582602E+21
-2.552087506327E+22
-1.388473485632E+23
-4.5750792448245E+22
-4.8363472137924E+21
-4.0831801805156E+20
-4.1436696549012E+21
-4.4196935870011E+22
-2.6425496836643E+20
-1.1747908028984E+22
-1.1824333136746E+22
-4.0199922356913E+21
-5.0806906172836E+20
-1.0449805227573E+24
-1.2270716813466E+23
-1.7297312138035E+22
-8.9501349399752E+22
-7.0163788004285E+21
-5.9510545157669E+20
-7.5901944916801E+21

f3
856175.8158
937627.09
1168994.9889
766171.8978
698652.399
828324.4794
1105323.1085
1027416.491
904959.7822
1108768.0773
938976.9202
1093391.3229
867660.3511
975145.6238
1076710.8138
972087.6795
854776.4731
1080088.3644
958651.2778
826159.8512
972140.3634
887869.6637
894253.6755
968979.9558
985035.5424
928233.2108
894474.5902
822067.9207
995243.1928
1122235.0592

f4
82.4
80.81
83.13
89.24
89.32
79.39
88.09
86.21
83.39
89.96
84.88
83.59
84.05
80.24
88.03
88.62
82.72
79
83.74
88.28
83.9
85.77
85.09
88.13
84.13
87.02
84.27
83.49
85.54
83.89

f5
290293938.76577
227815861.80926
192323255.81431
182928828.46094
256452283.64433
213805690.9804
235669936.26393
196035740.9765
253476128.00033
233458166.83639
317455917.60298
148536402.80841
228201252.34174
232314849.42568
265826516.10931
244461594.23513
251895657.21034
200720838.3283
249690484.75421
270618144.5168
274116202.99685
237626642.20377
249382795.30042
184086333.97435
260935207.8529
243014158.30924
253563809.26914
269649085.72948
293986158.65848
235775203.80513
f6
58571.559
64810.7886
74663.893
66275.0452
68098.5401
58198.0659
63612.6821
71109.3521
65900.3882
75612.4661
60058.4844
79246.4548
59909.6734
69314.2549
61217.4494
67668.3869
61697.4107
69797.7677
64648.7621
55158.6972
59017.7002
61326.8158
65768.8381
69527.1917
70262.1496
71117.1708
62355.31
59115.029
61133.9287
67400.0223
f7
136.24619423558
131.17030400074
111.24994314265
95.755586365238
119.48242265637
127.18626226518
131.38761914173
121.19827800358
137.63725943611
113.79250541925
134.9702857298
124.19249882001
135.3526327435
147.16430804363
118.07138737748
166.73975028604
157.06029871733
177.03803166855
130.54139267493
130.9589141121
120.67907868692
131.28835191502
128.92467032759
146.96394984652
123.47508010268
140.4602564236
151.47058409753
143.94825874309
126.39822120305
117.77407410529
f8
-2686.6458937634
-2434.6258362245
-1832.425405712
-1886.1509847171
-2450.2049526089
-1866.2404480744
-1602.1637544883
-2031.9353706303
-3360.1188786705
-2519.4860731002
-2300.7057537021
-2340.9426447008
-2306.9217631977
-2565.2694724086
-2398.9447836243
-1696.1614759244
-1885.6649842507
-2271.0837129276
-2057.889932802
-2664.0451844245
-2405.5277489185
-2632.5142944003
-2496.4906123975
-1663.9983897692
-2434.6855102557
-1948.6132512942
-3355.3205379531
-1722.1428152894
-2101.0780907559
-2185.4351329069
f9
432.3460176066
440.06800038778
458.03365162745
367.72752639892
401.77749942861
431.64831764357
441.70837163952
435.94970688708
449.69994084682
424.24996490834
419.53279053197
442.26748870669
445.29169995815
426.61340954453
392.05272407124
431.09101154035
450.34724206484
402.45898870574
448.82973999898
422.16364424368
410.19345784064
435.65741217067
384.49614182989
397.96289022851
411.97332291351
398.57054323797
452.68631473873
407.81133525644
407.09359371906
387.11676065626
f10
19.101479347187
19.340926425046
19.255759364515
19.039506325734
19.231759632566
19.059294835351
19.197270642969
19.093861474778
18.91906281715
19.349089395617
19.090461879182
19.244649308233
19.291920136084
19.012191867767
19.139918044019
19.335545360062
19.220535536415
19.143388815898
19.12493937815
19.139835056097
19.259250286933
19.190108499304
19.257113189719
19.29595332956
19.117971015686
19.228039381028
19.229718190442
19.142877008613
19.229483585361
19.115362470441
f11
558.81241484249
651.29115852311
695.52157933551
597.0185718
443.848919175
638.087501325
591.35060212465
623.37664855165
637.23688057497
514.46063689999
637.977180925
653.66241424803
701.39913177306
418.94911965
584.44448428601
628.6241467098
697.04759087802
632.14399892499
566.2557153
560.40322335
508.29588849005
589.76573379138
525.43390114999
586.42493285
532.322568725
610.1614506269
605.76319112495
577.04922964998
604.907724875
652.81587972368
f12
-39067085366.089
-29260736953.659
-54878389362.076
-34996532292.09
-28508979785.603
-41727169028.656
-33311994000.913
-27265824789.585
-34350012646.167
-26691341723.398
-34760109796.527
-36094682760.715
-57454505409.283
-32506449668.305
-22828685350.535
-26514157502.193
-42548790054.191
-26818285142.048
-44341681953.434
-38320859089.057
-26085247900.226
-35183932058.241
-33531767844.974
-38817093344.293
-52165862270.758
-39234417619.135
-23291266442.159
-31907126715.526
-35734226075.628
-31933744059.876
f13
-69929347670.04
-48722419573.3
-103989796403.18
-59210160182.247
-49087468920.194
-73799524533.171
-56738899291.229
-42952851781.392
-56681571417.825
-49198987960.385
-59319320428.377
-56803323961.74
-100355277369.81
-57880606042.68
-37894600042.679
-47719592734.173
-73309615833.556
-41022189929.764
-77124604246.162
-59203914018.535
-46716556246.383
-59459066102.796
-55927935787.784
-83949116844.622
-85388896504.081
-53410449987.996
-48547783571.559
-52011882239.843
-60081293628.155
-55684982394.395
