f1,seeds
44825.761664497
4579.8123498625
9950.9191569887
25010.280787192
553.73911969227
4491.3944900925
750.60014937796
13294.871386565
4043.7836057693
40423.918880832
22917.003854253
20304.296124719
7372.703864858
18258.19268256
5843.7386532683
32975.587275968
5819.5141494171
18099.663939874
133.15203830816
650.42288496624
10115.898553656
1019.577743828
12584.337407995
1960.703910473
15305.764212721
9045.4980266149
7552.8392605915
18967.720233484
2703.4944337493
38412.460610573
f2,seeds
-5.7210484698275E+19
-4.6046235012357E+19
-1.8641428185251E+21
-1.9276245224449E+20
-7.2855018482965E+18
-2.595693521675E+21
-5.1054286066383E+21
-2.2572368056589E+20
-8.0284922586154E+20
-2.7700284905661E+20
-4.0977934687421E+20
-1.4514932785989E+19
-1.7282224844665E+19
-4.1217099261571E+20
-2.5616387023905E+16
-3.9880509456843E+19
-4.1436696549012E+21
-4.4196935870011E+22
-9085458541523.9
-1.1747908028984E+22
-3.4054401612988E+19
-4.1607276070008E+20
-5.0806906172836E+20
-4.5551477127805E+17
-4.8826535096268E+19
-4.953073613362E+18
-8.9501349399752E+22
-1.0998888434367E+19
-1.7543249624384E+18
-2.9782527302967E+18
f3,seeds
351.9618325631
237047.30260052
30851.956740088
16170.007322866
18.439162090279
40152.269769575
212035.19658367
661650.30085742
230060.02318416
214387.55420885
39400.739130216
186055.70324203
241896.51572998
149477.54985754
60795.43568258
67.947072758897
158496.6385734
29116.427907227
178548.65148848
336488.10832533
116120.46709424
49246.93235393
386650.33671159
752820.55834573
689754.60040787
373845.75020681
345249.19870668
23739.264419763
25394.309118531
231029.91651836
f4,seeds
70.660220099374
45.376339038677
63.252869112878
23.6926581835
89.130638098857
13.94475999074
88.366567912785
18.954292032165
37.136734100851
6.1784995189309
23.521046228961
86.539666131325
12.080167183311
8.4799229615745
79.879093636436
30.485704907724
17.203024957418
12.624414903102
7.2181937716672
50.901508278969
10.906774073452
60.484952726893
0.29733531246644
60.81938485378
93.934764232046
32.514139278945
5.5355946049839
43.71369938649
5.1813147283233
19.35591752593
f5,seeds
10330.913171946
141068.98554105
57193012.058635
2281.8399036699
393079.00034677
470489.2411467
24962655.747454
16211660.279181
201318.39320061
2664540.711766
238594167.16128
83536.387290015
1104839.8576743
80.180277469667
4601347.2679875
86.376393923933
36191157.468653
69660281.732018
3594627.7454966
2643282.9472377
136204577.33642
87538877.153673
17653426.73496
20917782.3703
102150.61150579
17635940.968671
64800.591193872
6792260.0993832
103212.0805978
1402.7242718199
f6,seeds
6960.5155944064
19499.575104248
5752.3424752749
9508.7531976693
2256.3611130858
2623.3689153606
4234.5038767859
10451.444085803
13774.989713333
4628.0512135081
20470.409085137
1734.1392546772
812.91911084424
3575.4023755131
38908.638568563
13862.207324219
15374.010558194
15741.860784036
1178.8329919849
18060.857034808
3183.7062173168
1800.673711452
7769.1068626774
5798.8783697132
19506.826906906
7.5826777815728
32063.488596921
33283.535799673
62850.40051385
5776.5449901982
f7,seeds
15.671098373871
40.274615248202
24.524100187417
51.907898489809
15.299792508909
70.661193355629
36.21799009847
19.03396963876
13.890748860697
96.913109323565
53.739671177146
12.801716642092
17.991404720787
50.312122774095
13.470694790409
13.619343273996
16.735838371485
14.747247403596
50.274060957898
12.121466405149
17.350749979085
13.354882822537
19.590643478553
29.013333232292
14.102540765722
14.080202916754
19.619924774631
14.928660006928
15.833149522565
17.538383544592
f8,seeds
-574.51793592096
-2434.6258362245
-1530.2029132402
-1886.1509847171
-176.91731541871
-1692.22226464
-758.25925616839
-590.89058277858
-3360.1188786705
-2519.4860731002
-2300.7057537021
-1983.9986587518
-1753.331973506
-2128.3893316314
-1637.1714956565
-913.03913424616
-729.01151089686
-1355.8097709721
-1341.4728230047
-565.12610246885
-1304.4921693106
-964.39059892867
-979.25128728487
-1619.0699376344
-575.8073576655
-1076.357927174
-2035.8219528362
-1154.8021179151
-692.17742171123
-1336.8448812845
f9,seeds
328.98079041036
302.09913095777
170.07537603819
423.92688624155
329.33725416464
289.13724443859
81.758121438466
377.58718173685
79.207087657808
125.46401519795
289.20619803609
314.58004131398
366.78539110871
311.52685353015
179.63036618908
300.89361088003
217.40035548433
289.23387527311
338.04011623069
336.65033968014
136.53373982327
26.064669428783
171.58127924129
315.34248171994
319.35165331408
344.3373750436
6.8511180048182
409.80042142081
263.12761147533
274.3341004978
f10,seeds
19.088432288724
19.271050314328
19.311302312761
19.329961780245
19.306164919863
19.369963372637
19.266579259081
19.278275477033
19.286836235857
19.377456434356
19.230675945693
19.303904193738
19.291920136084
19.226789434619
19.238309249466
19.213032455188
19.220535536415
19.461388967048
19.506877783312
19.345622363287
19.308688264395
19.270067940745
19.328360395966
19.425976435939
19.569608424711
19.202516738419
19.151333021205
19.26050131231
19.372068159106
19.135404281916
f11,seeds
2.2951210878123
67.560614101389
156.69185662655
62.754801129478
50.710354734127
1.7042267280058
8.3143672139946
50.906453886859
60.948249254091
8.0898955027576
343.78172337368
0.19275504753736
85.52454062502
300.47411598458
145.14790836811
65.50730054536
33.419949751416
1.5869459298439
2.5161571859798
394.59532846118
15.743663111027
94.281893593329
96.989983231837
8.8292839993886
320.34153765538
18.440877496777
38.553442300664
181.69557659095
-6741567.0585533
5.3082073199529
f12,seeds
-18749385975.168
-34620645968542
-16801731239.336
-25463568920.962
-23038639385.026
-22516529325.742
-6962366766.8514
-19375380495.611
-11792200692.749
-24006485749.745
-14138425971.931
-23348506295.965
-17234480714.245
-10827959934.949
-12202543723.984
-26514157502.193
-30907739765.749
-21638050970.581
-15708218228.559
-38320859089.057
-25387710669.494
-35183932058.241
-18872374724.213
-33257071912.047
-22270446643.561
-10089592227.215
-20235316377.034
-12333221952.695
-35734226075.628
-13441441079.028
f13,seeds
-33574706541.149
-1.7084416154666E+15
-39705673951.941
-42475639346.727
-38838440127.736
-39403371172.377
-25297708276.902
-35990666520.991
-21319111914.702
-40222731670.815
-23361303513.763
-39466351988.556
-30136485470.63
-17499610094.41
-18378055980.213
-47719592734.173
-52589235876.783
-33294273714.265
-25186056533.664
-51249852299.3
-38968955178.854
-59459066102.796
-32611768723.465
-50435539612.498
-33920994172.784
-16537893551.839
-38563232223.425
-23699331400.17
-43067144617.737
-22871591677.647
ucp,seeds
1155.7434274469
1176.3169982059
1172.9966215037
1155.8475567828
1190.3630093755
1205.3747049525
1234.501857211
1243.8635000557
1243.4845664797
1234.5191955078
1229.5724463426
1237.525464111
1234.0988089705
1236.5127183157
1229.0571925844
1235.9991468129
1230.523487127
1228.6921141732
1235.4888289582
1247.5195738487
1243.9948390686
1241.1018247632
1240.7155755114
1248.8582322722
1244.7882678235
1247.5180171623
1241.2374952349
1245.491541227
1246.2256380112
1245.230935922

f1,"seeds convergence",5
5,5820.1821185173
10,811.31425421565
15,240.17380173124
20,3245.7316799106
25,14004.296765388
30,395.03713614073
35,652.72777310662
40,107.56467371793
45,2297.5344365889
50,733.8260598356
55,1354.835304564
60,477.99683248359
65,3254.4232257279
70,147.76948916011
75,6339.2752348509
80,207.34179605339
85,3537.6094401409
90,64.237572458021
95,2241.8217326114
100,1538.7954036872
105,97.370810973837
110,1151.0783114498
115,671.92443779277
120,3195.8684060136
125,7644.960982597
130,2974.034082828
135,571.11352560671
140,3008.310341407
145,492.97614377332
150,466.54607090088
155,139.11148666648
160,2435.2346350216
165,4383.9146315254
170,497.25587846576
175,367.57994404522
180,572.79192399114
185,5248.3806819576
190,745.5372105502
195,150.27454855354
200,15005.888484106
205,2625.6903133321
210,4383.6999898007
215,530.41972796903
220,318.44133653713
225,564.20042574357
230,158.95530607448
235,756.43117254881
240,512.87847933079
245,2149.4234590696
250,609.28111010487
f2,"seeds convergence",5
5,-7.6350995335457E+21
10,-5.727757108847E+21
15,-9.6834946905183E+22
20,-3.4813922441522E+22
25,-1.2370313827102E+23
30,-2.2257744401399E+22
35,-3.1865439347121E+23
40,-3.5848582745098E+21
45,-1.3926697450124E+24
50,-1.1842427743648E+22
55,-5.9494863099205E+21
60,-4.2544481926774E+21
65,-9.2717499496943E+20
70,-9.0166607877382E+22
75,-3.5629806897484E+22
80,-7.821279960533E+22
85,-2.148865130415E+22
90,-8.778307295391E+22
95,-1.0675500975219E+22
100,-4.4848044663618E+22
105,-1.0980360496335E+22
110,-6.0168750081059E+21
115,-1.0869933643505E+22
120,-3.6708639242418E+23
125,-3.893017286534E+21
130,-2.8442473870049E+22
135,-1.0569254831992E+23
140,-4.7734832812286E+21
145,-1.5563766800059E+22
150,-1.0378205068058E+22
155,-1.9792534143673E+22
160,-2.7303752171487E+21
165,-8.9622310188977E+21
170,-4.1154757041512E+22
175,-6.8604459421637E+21
180,-2.3111908289091E+21
185,-1.4261412563417E+23
190,-1.9168244947716E+22
195,-3.4378040508118E+21
200,-2.3001457731329E+23
205,-1.7447041710724E+22
210,-1.6154196473599E+22
215,-2.229824614543E+22
220,-8.0097996478828E+21
225,-2.8300346959163E+22
230,-3.9075661852814E+22
235,-2.1214956462151E+22
240,-3.2237419228447E+23
245,-2.1656214794518E+22
250,-1.5442161452255E+22
f3,"seeds convergence",5
5,29128.617193262
10,6949.6579011467
15,52765.559738612
20,37116.148430644
25,5497.9085193398
30,3182.556888855
35,5531.4105548163
40,32371.884862137
45,10371.405347566
50,18159.113298388
55,14302.698535605
60,62503.001168113
65,6116.6554969141
70,6861.8944016854
75,28136.159657271
80,1852.6245057287
85,22725.559005129
90,107083.74527814
95,77778.114716439
100,34397.173078018
105,5047.1497122272
110,4358.622988768
115,20675.65170186
120,3894.7819519921
125,8315.6006056491
130,14433.603554613
135,10934.853303963
140,44247.710090859
145,239361.05101263
150,4772.8984397634
155,11404.324673096
160,4998.9057006111
165,1756.997844005
170,6847.2730819305
175,84947.123685279
180,5971.1482079264
185,38225.074855725
190,5555.2552587745
195,45306.220819762
200,7863.9059500126
205,35006.249083834
210,7354.8170036585
215,29131.033748087
220,3483.4635313251
225,111796.40571661
230,52314.615040472
235,1719.9150774984
240,47304.706259308
245,31022.93924828
250,32206.871448072
f4,"seeds convergence",5
5,19.320537513235
10,8.051197756619
15,11.690384593716
20,12.126541912618
25,16.381180706628
30,5.2498893938075
35,21.292342271154
40,7.0894097445765
45,16.639180995522
50,9.0342723621128
55,9.0068203187032
60,16.20167880406
65,10.754526027723
70,8.5122956757856
75,17.360498305837
80,13.327536726744
85,10.076740403853
90,8.2809454838983
95,9.6431848592627
100,13.065734488213
105,8.3817870331318
110,11.846726578141
115,20.543291234548
120,16.837639922125
125,8.047092305679
130,8.1066939724735
135,7.5240289446552
140,12.295964208394
145,13.445194338216
150,15.742786768573
155,6.1033757430347
160,12.915601650493
165,7.7951557151107
170,7.7618412985168
175,6.3404318727006
180,8.4061102020584
185,7.7455682542383
190,5.3120406313921
195,10.067549803204
200,8.2832231469087
205,12.619462883798
210,11.060442742649
215,10.587128511343
220,7.3713429117233
225,7.204665707543
230,18.770850277497
235,7.559294503644
240,15.247956391167
245,17.260013088492
250,6.9449284523805
f5,"seeds convergence",5
5,2276578.6112154
10,1895017.5513551
15,58877854.442455
20,653194.00874845
25,156961.61759813
30,239889.18327041
35,426506.87370911
40,15621693.310157
45,2343732.6784481
50,310475.65785607
55,1006606.6946718
60,9914938.9335818
65,1111210.0469597
70,245060.16764662
75,1095634.1747072
80,36242043.494361
85,5386856.1924097
90,22371.017020722
95,9174.0452082137
100,12648771.666188
105,155864.91261453
110,833191.8076584
115,7913.369637915
120,746967.46441668
125,2563156.2943838
130,56409.921091361
135,974876.34393827
140,3897758.4832502
145,7716133.4896091
150,193871.63237653
155,6550386.8505201
160,375193.45685471
165,4267491.724435
170,16138259.803866
175,144030.25854489
180,203829.80081029
185,1767894.3632166
190,195580.19504018
195,20723005.410001
200,457509.37053775
205,179461.32380228
210,2766089.1864867
215,2421223.5901097
220,257190.5513681
225,14721396.494242
230,1084553.505396
235,57875.662848014
240,4557896.1380668
245,2828190.0123359
250,300944.03900378
f6,"seeds convergence",5
5,1493.82751596
10,1505.0068522524
15,46.766659742871
20,232.1596703732
25,652.27138949706
30,1984.6874332497
35,731.04052099294
40,1604.9606479426
45,1150.3538380817
50,3896.8244787008
55,625.96593912091
60,2283.530150987
65,171.65058507579
70,251.27902452805
75,236.1923700688
80,1541.1090966912
85,474.81524836914
90,1038.1372905679
95,1027.062390791
100,2887.8215555465
105,453.70958690663
110,924.164641578
115,120.33880145954
120,1042.9533662747
125,4851.9234940695
130,557.16739754656
135,1212.6099925627
140,93.581871385188
145,347.33570419574
150,1186.4111476334
155,143.56153927568
160,1853.6495107319
165,1152.6282374381
170,1052.124517512
175,2385.8770648134
180,1655.7494094264
185,974.14167248519
190,1876.2315803688
195,423.76775480892
200,617.10983520037
205,1431.8021455592
210,661.55996378467
215,102.61927312382
220,1124.2170972164
225,1663.0386931364
230,199.73674737252
235,869.76430908328
240,1345.8300336897
245,2631.8730400903
250,224.63324274012
f7,"seeds convergence",5
5,17.104573618836
10,20.146731232828
15,21.005389507777
20,18.524483627009
25,14.291465059274
30,13.027598117848
35,15.208361948772
40,13.28679765881
45,14.414810188471
50,13.351136036849
55,18.76011812156
60,13.074384142578
65,12.925208517521
70,16.247569782205
75,13.398735309763
80,16.619190748803
85,13.477954789248
90,14.06014311437
95,13.249787050112
100,15.607155729009
105,17.348263533519
110,19.064243346971
115,18.607925221559
120,12.819091889727
125,46.81528293417
130,15.242320566313
135,12.888977033707
140,14.551222776207
145,22.996707265782
150,15.346277853078
155,29.711903921404
160,14.051708818467
165,13.143906046189
170,12.71864876645
175,14.509780733148
180,15.021649323996
185,15.324418815598
190,13.919338877465
195,14.059619773417
200,15.806935574449
205,14.174241849587
210,15.258172307273
215,16.389091726998
220,21.989775795808
225,16.419610974663
230,18.92093203021
235,13.28707250492
240,17.879357832301
245,14.006940613068
250,15.809496491099
f8,"seeds convergence",5
5,-1457.0031321963
10,-1219.8537506803
15,-1262.6857094435
20,-1402.2595010858
25,-1425.4788734116
30,-1398.8751465834
35,-1185.9128191722
40,-1406.5303730257
45,-1042.8383843065
50,-1540.4654426112
55,-1133.0885968835
60,-1284.07817872
65,-1513.8047784276
70,-1499.7135857617
75,-1182.3456335593
80,-1295.0617015333
85,-1328.2247347744
90,-1212.4906614022
95,-2427.9312344298
100,-1327.8303913187
105,-1178.373675733
110,-1427.4016310236
115,-1326.6603424211
120,-1235.6362177989
125,-2130.9256676258
130,-1193.79261799
135,-1197.4445729258
140,-1358.2426018303
145,-1431.1340469474
150,-1131.576710783
155,-1099.7589686531
160,-1223.6202125697
165,-1192.3966915613
170,-1280.1932793544
175,-1424.3017805786
180,-1480.419804473
185,-1004.6096988046
190,-1459.3264039253
195,-1057.2531189203
200,-1333.3932225456
205,-1472.1993292239
210,-1124.8344816627
215,-1194.9836216309
220,-1466.819888617
225,-1394.1438488014
230,-1184.1787997124
235,-1174.9951805793
240,-1158.0796778223
245,-1163.931803815
250,-1453.6756705546
f9,"seeds convergence",5
5,155.63222302069
10,82.037686381451
15,64.275573059135
20,104.08428292698
25,92.780643655562
30,71.027198268683
35,78.089491046634
40,49.833614890291
45,44.069328545672
50,56.871418268422
55,82.737234181799
60,64.499906928123
65,87.584370967095
70,111.59873264063
75,116.87614660207
80,46.612196912521
85,45.621010630436
90,59.562532311817
95,90.156117964826
100,65.449215495765
105,55.705574332753
110,72.00285011481
115,37.827608712651
120,36.943141059276
125,92.923959297439
130,67.532965329312
135,78.121372923506
140,59.694199670665
145,77.825096948198
150,94.836710209073
155,81.637000903412
160,84.016333487783
165,51.88351241218
170,74.007403606538
175,113.98155524839
180,70.286543731415
185,31.243468024002
190,52.370926347512
195,61.595630700738
200,83.55813725406
205,57.459407135912
210,82.352160110943
215,90.097893586028
220,78.544492447871
225,72.306587399678
230,99.240530129986
235,51.010044775486
240,67.432153662642
245,88.974968262466
250,74.506445135798
f10,"seeds convergence",5
5,19.138521055868
10,18.323610140008
15,19.178159041517
20,18.938540738639
25,17.328902799759
30,19.369994384626
35,17.22804609141
40,18.193932029575
45,19.229534060975
50,18.78135769937
55,18.310026708077
60,18.387799636469
65,19.318969253242
70,18.710212497888
75,18.899171603222
80,18.656756301841
85,18.91491009919
90,18.401233685988
95,19.061883431439
100,19.077710333253
105,16.678671994913
110,18.983225817585
115,18.800542005787
120,18.743034501725
125,18.543295481754
130,18.374339145013
135,17.965839803431
140,19.163715263887
145,19.318270155149
150,18.810296271801
155,19.342863890206
160,18.46339736764
165,19.27276711977
170,18.571373405305
175,17.886629280155
180,19.331457424764
185,19.353762513974
190,19.33389240386
195,18.767668658033
200,18.314787945338
205,18.012308020984
210,18.531959733867
215,18.70294297738
220,17.912793981377
225,19.134748184298
230,19.178332732152
235,17.828012472528
240,18.589477777392
245,17.535303290271
250,19.001173959998
f11,"seeds convergence",5
5,29.428310215517
10,-201563749.19957
15,-114882591.42541
20,-52844962.399518
25,-103063127.02647
30,-152854411.71709
35,-121242011.78911
40,-84393047.258157
45,-102975741.9255
50,-159916463.99361
55,-113590789.18645
60,-66679847.030442
65,-205636802.20809
70,-38788302.202108
75,-150796551.31979
80,-106354706.54677
85,-130450074.03337
90,-39729673.392517
95,-96691843.415209
100,-56650272.739951
105,-81998438.769451
110,-148880132.32245
115,-109915191.63325
120,-64609126.522599
125,-85016088.470179
130,-65937091.538227
135,-58176380.766369
140,-102416397.32294
145,-199452509.84763
150,-45789983.62325
155,-18724454.711631
160,-87539390.194898
165,-51092642.326826
170,-90227305.746765
175,-84339876.082584
180,-100900426.6907
185,-70586998.009187
190,-135532613.60119
195,-176874740.27248
200,-79053782.4027
205,-96962605.514563
210,-173513183.89397
215,-38693188.716355
220,-146325058.9976
225,-138029529.59359
230,-115304843.56483
235,-113946897.60623
240,-72987492.949172
245,-72453586.36378
250,-80532253.389702
f12,"seeds convergence",5
5,-20700426490.984
10,-53029505047995
15,-22741749660.25
20,-23084808875.405
25,-2166475598324.8
30,-871143383246.77
35,-26167601684.843
40,-22869321225.779
45,-27726622655.684
50,-23877904684.618
55,-23287789052.822
60,-51236078854.18
65,-23379248372.444
70,-238305652105.23
75,-28894907817.008
80,-23876536312.514
85,-22447502993.8
90,-24472510275.392
95,-8414211450948.8
100,-23914898417.16
105,-24592071962.854
110,-173251416740.54
115,-19717151311.373
120,-150911440212.13
125,-29139573785.711
130,-22639205921.729
135,-22721476997.839
140,-27144287157.377
145,-22590314140.918
150,-21799619681.208
155,-201438242433.88
160,-210531912322.59
165,-422507766850.7
170,-1801243289743
175,-28090638953.301
180,-21098166083.044
185,-4201198141440.3
190,-6145272868835.8
195,-24487805537.254
200,-21896862995.123
205,-26000848904.324
210,-20850156305.884
215,-21732853401.968
220,-477011856937.49
225,-1091734798570.9
230,-30807783936.144
235,-23730027710.038
240,-1856764394076.9
245,-44999817851.987
250,-34022826964.181
f13,"seeds convergence",5
5,-1.5615185058502E+14
10,-43354083648.191
15,-39583698918.804
20,-248391493420.92
25,-86561376884703
30,-40796007573.128
35,-34308783227.137
40,-35633203758.483
45,-287571516937.35
50,-35396569060.591
55,-83617877980
60,-93330080085.138
65,-36991663865.248
70,-2331068923624.7
75,-38410723461.822
80,-4227578935666.3
85,-41263937695.071
90,-1373765595273.3
95,-1.5319804173081E+14
100,-37498334371.093
105,-11481282022364
110,-16605553733060
115,-52255429209.745
120,-37307246192.832
125,-533364025323.5
130,-64779625437.393
135,-41055900005.687
140,-92526498569.773
145,-46876586948
150,-53024381756.742
155,-39464231166.802
160,-33578067905.584
165,-44058712719.9
170,-39162906229.653
175,-2.127599569799E+14
180,-39830045685.619
185,-1850955474762.5
190,-42988581298.945
195,-35018128149.025
200,-37596317991.015
205,-37970004105.598
210,-43506595808.566
215,-639107614974.52
220,-34634703587.343
225,-42160362919.35
230,-18125434231840
235,-39869863889.584
240,-38869757362.676
245,-42496385347.698
250,-35429430720.457

f1,convergence,popSize
2,42193.547861306,5
4,8041.5631171234,5
6,3240.0965871562,5
8,1876.3538801894,5
10,649.2988010115,5
12,94.875177316004,5
14,515.4021402276,5
16,1411.7575280403,5
18,7648.4713289195,5
20,479.29981704709,5
22,119.79237653426,5
24,1213.9582130024,5
26,4101.5039550782,5
28,515.28672716392,5
30,207.57017760757,5
32,1486.0186967747,5
34,536.05201797614,5
36,2305.7319104366,5
38,210.67512390337,5
40,763.81078994041,5
42,266.92388036837,5
44,211.23630773265,5
46,154.70611093215,5
48,140.12979133589,5
50,284.10033015435,5
52,1512.5960828021,5
54,1790.1293793056,5
56,565.54581737349,5
58,365.90787682064,5
60,271.21339752911,5
62,393.5678472335,5
64,306.17766424927,5
66,89.856144666891,5
68,1751.4921847295,5
70,1247.9329599065,5
72,2482.4454206799,5
74,613.54509380362,5
76,8380.9518104186,5
78,376.69728639164,5
80,1531.2287829227,5
82,2903.9795396891,5
84,232.31088637818,5
86,264.87389862908,5
88,817.16070882622,5
90,1408.1470960962,5
92,570.93458299059,5
94,1920.7612947878,5
96,1271.2057451372,5
98,565.66315713684,5
100,2446.299692575,5

f2,convergence,popSize
2,-5.7210484698275E+19,5
4,-5.7210484698275E+19,5
6,-5.7210484698275E+19,5
8,-5.7210484698275E+19,5
10,-5.7210484698275E+19,5
12,-5.7210484698275E+19,5
14,-5.7210484698275E+19,5
16,-5.7210484698275E+19,5
18,-5.7210484698275E+19,5
20,-5.7210484698275E+19,5
22,-5.7210484698275E+19,5
24,-5.7210484698275E+19,5
26,-5.7210484698275E+19,5
28,-5.7210484698275E+19,5
30,-5.7210484698275E+19,5
32,-5.7210484698275E+19,5
34,-5.7210484698275E+19,5
36,-5.7210484698275E+19,5
38,-5.7210484698275E+19,5
40,-5.7210484698275E+19,5
42,-5.7210484698275E+19,5
44,-5.7210484698275E+19,5
46,-5.7210484698275E+19,5
48,-5.7210484698275E+19,5
50,-5.7210484698275E+19,5
52,-5.7210484698275E+19,5
54,-5.7210484698275E+19,5
56,-5.7210484698275E+19,5
58,-5.7210484698275E+19,5
60,-5.7210484698275E+19,5
62,-5.7210484698275E+19,5
64,-5.7210484698275E+19,5
66,-5.7210484698275E+19,5
68,-5.7210484698275E+19,5
70,-5.7210484698275E+19,5
72,-5.7210484698275E+19,5
74,-5.7210484698275E+19,5
76,-5.7210484698275E+19,5
78,-5.7210484698275E+19,5
80,-5.7210484698275E+19,5
82,-5.7210484698275E+19,5
84,-5.7210484698275E+19,5
86,-5.7210484698275E+19,5
88,-5.7210484698275E+19,5
90,-5.7210484698275E+19,5
92,-5.7210484698275E+19,5
94,-5.7210484698275E+19,5
96,-5.7210484698275E+19,5
98,-5.7210484698275E+19,5
100,-5.7210484698275E+19,5

f3,convergence,popSize
2,490499.59737082,5
4,58391.579725808,5
6,24893.03545831,5
8,11072.027131924,5
10,36754.417018586,5
12,129220.13633601,5
14,11771.08032016,5
16,51879.474706585,5
18,21404.675956024,5
20,9738.6139464471,5
22,68952.280700192,5
24,20253.174752017,5
26,36553.099520757,5
28,62817.414420765,5
30,9051.2915678932,5
32,33770.075329038,5
34,6518.4597375369,5
36,7624.2354237551,5
38,10461.66275031,5
40,144248.84472711,5
42,22604.051118313,5
44,2214.326362864,5
46,3315.4382928409,5
48,16540.537550523,5
50,10169.512428294,5
52,5099.0982975104,5
54,8340.2592905277,5
56,7361.3959222772,5
58,43170.152911939,5
60,27294.588953973,5
62,70126.20602217,5
64,15577.458573677,5
66,17090.798902488,5
68,34029.278939118,5
70,41013.498545619,5
72,3294.07591468,5
74,15471.048617033,5
76,16193.62228191,5
78,48521.78882623,5
80,14573.504267015,5
82,1228.8924619777,5
84,9700.7080317311,5
86,41401.075784276,5
88,11869.096788545,5
90,11274.359504241,5
92,30433.257282013,5
94,23701.590646078,5
96,8518.4203503732,5
98,10066.489378361,5
100,8385.9541021724,5

f4,convergence,popSize
2,79.694328932958,5
4,29.012591942269,5
6,15.221363369912,5
8,11.63188143396,5
10,4.1073636487217,5
12,4.734486031134,5
14,13.356172541634,5
16,10.978747649328,5
18,13.193784893603,5
20,14.820353255223,5
22,11.939663703193,5
24,9.0285904153096,5
26,5.5703055634825,5
28,8.9980552487789,5
30,9.3528621583616,5
32,10.73411124131,5
34,10.339385668281,5
36,6.9830639656326,5
38,6.6253202823704,5
40,7.1295101862271,5
42,11.103866746277,5
44,6.7016120728174,5
46,10.415475028288,5
48,12.097106917659,5
50,6.6086349772298,5
52,6.5254166319257,5
54,8.094421863806,5
56,11.279749695527,5
58,10.705486848718,5
60,12.501155790583,5
62,8.2880305746815,5
64,13.344629594111,5
66,6.468111533171,5
68,9.4328906846726,5
70,5.9941337761416,5
72,6.7737215168424,5
74,12.602826163875,5
76,4.7859373165382,5
78,13.662138391816,5
80,8.0410650492648,5
82,8.3393116392196,5
84,8.4637218973083,5
86,15.185965509565,5
88,8.1715178652293,5
90,17.965332967994,5
92,14.476183839581,5
94,13.122230058133,5
96,8.2763498774176,5
98,14.454494511558,5
100,12.387035473255,5

f5,convergence,popSize
2,167291798.5974,5
4,2690244.1432033,5
6,1202321.1010747,5
8,120088.30452771,5
10,2273.0881066105,5
12,11174.465670154,5
14,354618.6827905,5
16,31160.891849775,5
18,356272.94699759,5
20,7855671.1654896,5
22,50795.29496553,5
24,3839534.41273,5
26,2039966.9178697,5
28,77372262.745424,5
30,23505984.192756,5
32,5394.4043919309,5
34,1056950.8695268,5
36,61824.801174785,5
38,178150.56885617,5
40,2349142.3051824,5
42,439321.24122991,5
44,709905.10000034,5
46,92021388.319963,5
48,5589824.4910818,5
50,3382090.1466554,5
52,40890486.56887,5
54,9988709.4724028,5
56,38708.87136988,5
58,55136.20369605,5
60,18804.761085788,5
62,127438.33211073,5
64,10339324.530243,5
66,596596.86489839,5
68,47306650.947934,5
70,60986.705698809,5
72,1160699.6765421,5
74,64752.311543296,5
76,4849139.7028342,5
78,54072.204640143,5
80,664574.15680751,5
82,506436.34637151,5
84,546774.9371755,5
86,248465.32843929,5
88,874475.77161859,5
90,98706.887156312,5
92,59567.683907501,5
94,11987627.22243,5
96,3922139.0136341,5
98,38554.849263108,5
100,4407602.9098917,5

f6,convergence,popSize
2,45882.9088227,5
4,6980.8625006835,5
6,4579.4076073905,5
8,671.76788108928,5
10,176.36706873472,5
12,4396.2383546341,5
14,1330.2310658688,5
16,510.92106132857,5
18,894.12449402084,5
20,388.507310413,5
22,416.09780108384,5
24,2177.6468668285,5
26,322.12558968704,5
28,936.36108275263,5
30,301.76674205095,5
32,460.79282911754,5
34,1231.9779241738,5
36,740.14143888683,5
38,509.0521184548,5
40,1448.5836965891,5
42,215.54697199271,5
44,303.69265836725,5
46,3885.4597460726,5
48,561.23123772677,5
50,2378.3098122748,5
52,430.10895637888,5
54,515.07932578943,5
56,142.70910153993,5
58,971.86764598855,5
60,196.7589240485,5
62,1039.3853773659,5
64,1097.1018593,5
66,668.62998621417,5
68,261.46582288497,5
70,2194.8257891289,5
72,2277.2241300642,5
74,637.12965707827,5
76,281.32981022281,5
78,1123.2621931619,5
80,453.43919438824,5
82,734.2953021067,5
84,1069.3461338935,5
86,543.25469956812,5
88,919.76453699501,5
90,1265.6948519608,5
92,891.97308721864,5
94,102.57513188392,5
96,666.50866720407,5
98,2503.9420723419,5
100,620.97109512077,5

f7,convergence,popSize
2,78.903664370816,5
4,23.063430812923,5
6,14.61301701544,5
8,35.934701984831,5
10,15.087373789276,5
12,13.629460054832,5
14,13.272250291282,5
16,40.537752762021,5
18,13.828994157162,5
20,13.264335124007,5
22,15.254651573155,5
24,12.838937374556,5
26,17.137119859297,5
28,13.570148324212,5
30,15.410565094255,5
32,13.732979468185,5
34,13.181386235649,5
36,13.086294774322,5
38,13.717925604011,5
40,14.22400212798,5
42,13.464722325738,5
44,13.903441288851,5
46,14.187787486641,5
48,14.808943958645,5
50,14.243604615694,5
52,13.71101355918,5
54,13.992292457216,5
56,16.062598678881,5
58,14.762145967151,5
60,12.762073796036,5
62,15.510691318935,5
64,13.479614096332,5
66,12.908896639845,5
68,13.64841518389,5
70,18.497671901908,5
72,17.437388587365,5
74,13.145906003896,5
76,61.723554840761,5
78,68.872191518621,5
80,14.692335237556,5
82,13.103966504788,5
84,13.148476345307,5
86,12.58698044993,5
88,13.309270838834,5
90,13.407432424768,5
92,32.60615392785,5
94,28.069384543348,5
96,13.868970278683,5
98,13.898889438713,5
100,46.228114647852,5

f8,convergence,popSize
2,-574.51793592096,5
4,-574.51793592096,5
6,-574.51793592096,5
8,-574.51793592096,5
10,-574.51793592096,5
12,-574.51793592096,5
14,-574.51793592096,5
16,-574.51793592096,5
18,-574.51793592096,5
20,-574.51793592096,5
22,-574.51793592096,5
24,-574.51793592096,5
26,-574.51793592096,5
28,-574.51793592096,5
30,-574.51793592096,5
32,-574.51793592096,5
34,-574.51793592096,5
36,-574.51793592096,5
38,-574.51793592096,5
40,-574.51793592096,5
42,-574.51793592096,5
44,-574.51793592096,5
46,-574.51793592096,5
48,-574.51793592096,5
50,-574.51793592096,5
52,-574.51793592096,5
54,-574.51793592096,5
56,-574.51793592096,5
58,-574.51793592096,5
60,-574.51793592096,5
62,-574.51793592096,5
64,-574.51793592096,5
66,-574.51793592096,5
68,-574.51793592096,5
70,-574.51793592096,5
72,-574.51793592096,5
74,-574.51793592096,5
76,-574.51793592096,5
78,-574.51793592096,5
80,-574.51793592096,5
82,-574.51793592096,5
84,-574.51793592096,5
86,-574.51793592096,5
88,-574.51793592096,5
90,-574.51793592096,5
92,-574.51793592096,5
94,-574.51793592096,5
96,-574.51793592096,5
98,-574.51793592096,5
100,-574.51793592096,5

f9,convergence,popSize
2,397.92737330234,5
4,227.18961452733,5
6,131.52074031431,5
8,96.55743882907,5
10,85.265832662493,5
12,73.33204671642,5
14,68.034238007231,5
16,55.806605223971,5
18,95.39616393642,5
20,68.629664527805,5
22,74.375978819748,5
24,66.399791489533,5
26,108.35593184197,5
28,69.379577450063,5
30,67.008988147622,5
32,70.489429657959,5
34,81.377408052392,5
36,60.586619202355,5
38,80.773866679875,5
40,39.910891904493,5
42,45.812521830287,5
44,76.86387080289,5
46,30.101111981806,5
48,54.346366662452,5
50,77.967605614405,5
52,80.230202354106,5
54,60.858268802067,5
56,52.986061694617,5
58,62.845075595023,5
60,82.060092314786,5
62,68.878685055205,5
64,60.957444675,5
66,47.882778872621,5
68,69.280623936127,5
70,105.45244233065,5
72,65.015967800831,5
74,107.69237388216,5
76,82.830282780783,5
78,71.693376351328,5
80,37.060631541423,5
82,52.574684140174,5
84,78.675704123817,5
86,70.967650212487,5
88,62.021284247305,5
90,92.041669911819,5
92,49.07904133151,5
94,89.021584201969,5
96,64.657830901828,5
98,39.300679014457,5
100,92.176336920585,5

f10,convergence,popSize
2,19.412924719865,5
4,19.069206371907,5
6,18.685115389576,5
8,18.868813842137,5
10,18.191009095832,5
12,19.050729782182,5
14,19.370098997748,5
16,18.585226635215,5
18,18.586437277888,5
20,19.061141970482,5
22,19.372528641768,5
24,18.11943821689,5
26,17.34730815013,5
28,19.353696768899,5
30,19.328773255908,5
32,18.704748831363,5
34,19.064302329738,5
36,18.602739584964,5
38,19.229834586455,5
40,19.001366194624,5
42,19.256151246486,5
44,19.34736584544,5
46,17.987016744043,5
48,17.978574762497,5
50,18.860283347254,5
52,18.621018721862,5
54,19.336840762401,5
56,19.280845387555,5
58,19.315720296762,5
60,19.366108075082,5
62,19.187804862037,5
64,17.949308345288,5
66,18.054572740159,5
68,19.023137039787,5
70,18.50831519276,5
72,19.320417723602,5
74,19.095192436911,5
76,18.826369480938,5
78,19.296903621895,5
80,19.140995560044,5
82,19.031327142024,5
84,18.7949756348,5
86,19.024720534666,5
88,17.950966934834,5
90,19.344856016342,5
92,18.636451243806,5
94,19.26270311661,5
96,17.026430018412,5
98,18.795753297528,5
100,18.186259635416,5

f11,convergence,popSize
2,473.60266020562,5
4,-75259.073871748,5
6,-22059619.715909,5
8,-115312324.86425,5
10,-222173689.16889,5
12,-74437064.008642,5
14,-190221681.61722,5
16,-111078809.75391,5
18,-159719995.50922,5
20,-232443084.392,5
22,-121913487.521,5
24,-192802783.41607,5
26,-86823325.911569,5
28,-109050099.36173,5
30,-34893174.960623,5
32,-110471694.0779,5
34,-150407849.01116,5
36,-247196129.35492,5
38,-257369360.11735,5
40,-162728359.1863,5
42,-124646141.27644,5
44,-114002139.40702,5
46,-66937019.845903,5
48,-164829471.60965,5
50,-151629398.89967,5
52,-122783322.48467,5
54,-95815830.326285,5
56,-135711859.72371,5
58,-123777698.30743,5
60,-120983834.29596,5
62,-101169033.49723,5
64,-106430496.43614,5
66,-124424256.01748,5
68,-153883539.82902,5
70,-193436454.11683,5
72,-66075103.192954,5
74,-162240991.50118,5
76,-87456645.60403,5
78,-46004362.575005,5
80,-151732958.10418,5
82,-208122161.23198,5
84,-64656928.101114,5
86,-17465452.529299,5
88,-41739541.903177,5
90,-90346890.656622,5
92,-55734314.602951,5
94,-109087064.23452,5
96,-93997162.778712,5
98,-38978123.649276,5
100,-139486689.51911,5

f12,convergence,popSize
2,-18749385975.168,5
4,-18749385975.168,5
6,-18749385975.168,5
8,-18749385975.168,5
10,-18749385975.168,5
12,-18749385975.168,5
14,-18749385975.168,5
16,-18749385975.168,5
18,-18749385975.168,5
20,-18749385975.168,5
22,-18749385975.168,5
24,-18749385975.168,5
26,-18749385975.168,5
28,-18749385975.168,5
30,-18749385975.168,5
32,-18749385975.168,5
34,-18749385975.168,5
36,-18749385975.168,5
38,-18749385975.168,5
40,-18749385975.168,5
42,-18749385975.168,5
44,-18749385975.168,5
46,-18749385975.168,5
48,-18749385975.168,5
50,-18749385975.168,5
52,-18749385975.168,5
54,-18749385975.168,5
56,-18749385975.168,5
58,-18749385975.168,5
60,-18749385975.168,5
62,-18749385975.168,5
64,-18749385975.168,5
66,-18749385975.168,5
68,-18749385975.168,5
70,-18749385975.168,5
72,-18749385975.168,5
74,-18749385975.168,5
76,-18749385975.168,5
78,-18749385975.168,5
80,-18749385975.168,5
82,-18749385975.168,5
84,-18749385975.168,5
86,-18749385975.168,5
88,-18749385975.168,5
90,-18749385975.168,5
92,-18749385975.168,5
94,-18749385975.168,5
96,-18749385975.168,5
98,-18749385975.168,5
100,-18749385975.168,5

f13,convergence,popSize
2,-33574706541.149,5
4,-33574706541.149,5
6,-33574706541.149,5
8,-33574706541.149,5
10,-33574706541.149,5
12,-33574706541.149,5
14,-33574706541.149,5
16,-33574706541.149,5
18,-33574706541.149,5
20,-33574706541.149,5
22,-33574706541.149,5
24,-33574706541.149,5
26,-33574706541.149,5
28,-33574706541.149,5
30,-33574706541.149,5
32,-33574706541.149,5
34,-33574706541.149,5
36,-33574706541.149,5
38,-33574706541.149,5
40,-33574706541.149,5
42,-33574706541.149,5
44,-33574706541.149,5
46,-33574706541.149,5
48,-33574706541.149,5
50,-33574706541.149,5
52,-33574706541.149,5
54,-33574706541.149,5
56,-33574706541.149,5
58,-33574706541.149,5
60,-33574706541.149,5
62,-33574706541.149,5
64,-33574706541.149,5
66,-33574706541.149,5
68,-33574706541.149,5
70,-33574706541.149,5
72,-33574706541.149,5
74,-33574706541.149,5
76,-33574706541.149,5
78,-33574706541.149,5
80,-33574706541.149,5
82,-33574706541.149,5
84,-33574706541.149,5
86,-33574706541.149,5
88,-33574706541.149,5
90,-33574706541.149,5
92,-33574706541.149,5
94,-33574706541.149,5
96,-33574706541.149,5
98,-33574706541.149,5
100,-33574706541.149,5
ucpSVM,convergence,popSize
ucpSVM,convergence,popSize
ucpSVM,convergence,popSize
ucpSVM,convergence,popSize
ucpSVM,convergence,popSize
ucpSVM,convergence,popSize
ucpSVMZoubi,convergence,popSize
ucpSVMZoubi,convergence,popSize
ucpSVMZoubi,convergence,popSize
ucpSVMZhou,convergence,popSize
