f1
107647.8016
122504.7816
116741.5498
77072.6517
125709.5043
116650.0138
122259.3967
83695.2333
115677.7912
120484.7495
103888.8311
88079.5404
87207.2672
125488.0032
133156.0692
81779.6025
106110.2167
99375.4945
79938.464
112298.1841
97781.1729
86211.0674
84501.4847
119789.8165
100384.8934
90841.4243
125885.1754
92492.4396
114594.7587
110718.7943
f2
-1.9304908808968E+63
-2.2656508614807E+64
-2.9993236699396E+63
-1.1382976103468E+63
-8.6584923269807E+65
-6.9131155622884E+64
-2.8559638848388E+63
-1.2695855604948E+66
-1.3227500645153E+66
-1.5968138250983E+65
-1.5665434012666E+66
-9.4410158314124E+64
-6.9940740886E+66
-3.1509102982739E+65
-1.6421011491891E+63
-1.5722615185529E+66
-3.7790311412997E+66
-9.8162536055672E+63
-5.1699727961305E+67
-2.8318252496144E+64
-1.9182906475411E+64
-6.5302023072269E+65
-1.5053983418651E+65
-1.2764056949932E+64
-2.3468816322165E+65
-3.8554543536645E+64
-1.7935775408065E+66
-1.4285421272716E+66
-7.5848136734377E+64
-9.9793027779882E+65
f3
1607563.3854
1173475.9467
1801333.2243
1428619.2419
1465612.0352
1615221.3953
1372171.9011
1304105.8698
1535938.3892
1790650.5627
1310818.6218
1350822.1817
2098085.6657
1757205.3463
1381933.4129
1936839.2579
1481367.6311
1420818.0405
1776712.7456
1741602.5696
1373121.1783
1521741.4043
935118.1959
1268180.7658
1274350.8332
2110354.5936
1514661.5129
1478669.9541
1159878.7595
1495823.3486
f4
97.74
99.95
97.81
99.26
96.11
99.76
95.95
99.97
98.27
93.95
97.86
97.79
99.53
97.24
98.86
96.39
98.69
98.23
99.9
99.25
96.11
99.86
99.82
99.86
97.02
95.49
97.75
97.96
98.55
99.37
f5
63171863200.178
73558579885.554
61161669000.854
66113194972.602
50964990147.215
46607375858.249
67663180906.129
39299830293.332
53575149996.675
53793892442.376
92038107257.952
64469955903.172
58866110916.497
56787545477.593
46051575722.268
44784668499.558
65918187733.876
69809294041.005
41630178734.22
38824665220.218
60346675959.837
68404741620.033
53935939753.583
53559662376.605
56925219783.301
42705515326.93
41254484566.941
70576859718.919
61921369937.857
63616130023.08
f6
93778.4462
98634.1809
101280.2493
112960.0278
87661.212
83461.7469
85878.3684
113757.6824
99978.6009
109546.4306
79470.5142
85018.8851
128367.0516
98497.2504
100416.6921
104928.9018
95573.3492
106071.1812
99357.4156
72882.9484
96505.8621
106363.1454
76244.0954
91355.555
102184.6912
129336.3635
95679.6813
90575.3587
118636.9259
92016.8512
f7
10577134023.286
5514545742.9117
8187463518.0214
8177354977.2691
9339018352.0211
7186387834.5639
7534910185.1318
9370165995.649
9417723163.3928
9742035202.5084
11255435523.312
7651117930.12
13702347690.753
6102801936.5194
7941761914.8061
4377622980.8777
10288026925.543
11604414157.656
13866254620.736
10384019575.108
8940784723.2299
10677508205.281
11229882567.082
13396032885.387
6953332684.7408
13681317380.369
16084878545.341
10363480418.001
9336880090.9421
9941177666.9334
f8
-1513.6166341104
-1493.8109302872
-1510.5505093095
-2098.6256671605
-1173.8578449728
-1815.5123823033
-1224.0715194615
-1859.0127675655
-1437.1182538941
-1816.2860721419
-1086.3776055385
-1196.5413205116
-1456.1728560684
-1490.5691973579
-1206.072991973
-1432.9668207062
-1512.4191319822
-1704.3520646543
-1579.4232031352
-1365.0708520043
-1798.3175199052
-1202.0883051583
-1382.7012497996
-1671.5149323638
-1509.7256697106
-1556.6600340153
-1557.297855234
-1153.9038634323
-1086.1095920689
-1548.1605423436
f9
115042.20706141
135960.70406701
106944.65724614
84592.907796756
104061.4003958
89899.673971976
94769.165508694
67944.638808497
118904.89435772
113436.75514614
118042.08711757
100304.38010467
104264.91408175
93564.046874078
102964.26769745
100559.80426236
84214.294848231
97965.281541171
93683.749344192
101340.37248026
76736.835031096
99143.771171345
83964.360085178
93460.208253297
99792.231086082
89495.707602182
62255.855358264
116613.32686728
80779.063380352
97767.991770983
f10
19.174093497769
19.225206672684
19.124576893271
19.278789349467
19.183822168312
19.18269364999
19.185723828253
19.202936931672
19.242271052196
19.313527676184
19.136961804271
19.256537459804
19.355510622328
19.22553220151
19.127110105281
19.266538653974
19.258668323385
19.299284900968
19.243734561972
19.164459631299
19.307671130888
19.346906846304
19.103006281001
19.22008281968
18.961261298337
19.237776524241
19.150742345172
19.049561724748
19.20346499132
19.221743148455
f11
26.08054485
21.381752074448
31.257689924996
22.765450059995
18.414233226967
27.607838078553
28.940459336085
28.412031815981
24.03512591732
24.52234595
24.884113600762
26.612301777272
25.001144729546
29.529569199992
21.790102310824
22.786167125
25.254146399504
21.098157589172
21.228071131574
27.685045855324
17.8522463
18.126866641776
29.041207895871
31.339716197935
20.89081229139
20.724410995684
20.955131702068
20.56177552453
30.070486380721
27.2460105
f12
-6.8581447511027E+15
-5.7581386830623E+15
-6.6561071248833E+15
-4.6005390845505E+15
-6.0311552572036E+15
-6.0444124490929E+15
-7.6383165848939E+15
-7.3167062529553E+15
-7.3669352376907E+15
-4.0896491103661E+15
-5.7211944955569E+15
-6.8702903775089E+15
-6.0846247404319E+15
-6.9513890076575E+15
-6.8828405658268E+15
-6.99736534453E+15
-5.5730552695521E+15
-5.0361502363774E+15
-5.1986713748124E+15
-6.3902465562583E+15
-6.1185503823663E+15
-5.2639415075099E+15
-8.7103315118206E+15
-5.6579690803082E+15
-6.1377757959441E+15
-6.5506537011294E+15
-6.5213658780021E+15
-6.2269778705927E+15
-5.5381539147467E+15
-8.5066535023864E+15
f13
-6.9670438354344E+15
-5.9256030996573E+15
-9.3037627318257E+15
-8.628801800192E+15
-7.1443751726447E+15
-6.2867375827255E+15
-6.8498200439408E+15
-8.6484427350021E+15
-6.269199342406E+15
-8.4047252304658E+15
-6.4708869128382E+15
-9.0849688585769E+15
-6.3407624409318E+15
-8.0871032756014E+15
-7.9959926897693E+15
-8.8265469241481E+15
-1.0908569459469E+16
-8.0122667916985E+15
-7.5537627869738E+15
-7.4570095513695E+15
-6.8723302472171E+15
-7.9155200961671E+15
-6.572626051218E+15
-7.4660451644178E+15
-6.659278301243E+15
-6.2744975202461E+15
-8.7645051168487E+15
-7.8604306382981E+15
-8.6432805800054E+15
-7.1019057556789E+15
ucp,random
1146.9351860563
1151.6005964084
1151.2113369953
1148.7997540669
1148.9715002254
1148.300619507
1147.4562682596
1148.6645476232
1149.701236698
1148.734908662
1148.2758978297
1149.4309638322
1148.9417352221
1149.4201311117
1148.8887762535
1148.4705546875
1148.3724676512
1147.9178466275
1148.2848951631
1149.1018463486
1149.0366573105
1149.2539578265
1149.6242019749
1149.687086743
1149.653153738
1149.3919707124
1148.9580081768
1149.3342102138
1149.1521650898
1148.9710031009
ucp,seeds
1630.7868236375
1643.1746394192
1636.387635586
1627.5587446158
1644.3572609603
1658.0549905801
1662.1846099619
1650.9395298369
1647.387970371
1657.3039464807
1653.4941539738
1648.5224316168
1648.8231793127
1650.0449144746
1649.4737123361
1646.3543135614
1645.31633474
1642.4411995005
1647.3397648302
1645.6980015975
1644.3633148035
1644.6365956334
1647.9790131539
1649.6699810091
1650.4753800753
1648.239139257
1649.5474795102
1647.4564987336
1650.1488608736
1646.299288996
ucp,seeds
1640.8537671568
1668.1189810202
1685.2421190655
1687.8568144566
1673.2053297578
1676.1973338621
1670.1622792909
1664.9208470533
1655.0178287893
1650.7658488344
1646.762900445
1652.4941037279
1653.8573679642
1652.0287821886
1652.369991887
1651.2682239817
1652.2811340344
1655.9568512215
1653.9518623458
1653.706026707
1654.1463033966
1652.1875343731
1656.3166916944
1654.9832177799
1654.1534727266
1654.187679181
1656.8622091569
1656.1116131416
1657.1352134872
1656.5610786844
