f1
124002.6474
124092.2729
90235.9991
75022.2423
73883.5302
77789.4252
73642.1137
100494.1623
120269.8583
101671.8915
129657.1146
80906.3959
93884.9819
117741.8757
110372.4272
117275.1842
84741.1384
85607.3031
83223.9382
90636.1369
115350.6147
79490.3371
89054.6
73514.8196
78125.5163
103969.5064
88784.1212
80398.8957
113571.8369
62200.8072
f2
-5.7427037106208E+64
-3.6431207070063E+65
-3.7405450326436E+64
-1.4142858097158E+64
-1.9526143637489E+65
-2.9628000528052E+64
-8.3421653403401E+63
-2.7097133936467E+65
-2.9762043645399E+66
-5.0802683078359E+64
-2.0383048334736E+63
-1.2361932346479E+64
-2.4736401374085E+67
-4.9939121597476E+64
-1.8700835373382E+63
-3.4904287236134E+65
-1.2982915799964E+65
-6.5843085654343E+65
-3.6387864846782E+68
-2.1105259742865E+65
-1.2173265979562E+67
-1.9009343439939E+67
-2.2616552037819E+64
-9.4890627525559E+62
-1.0946544363725E+66
-8.7946880605245E+63
-1.4898623114093E+67
-4.8370299344786E+64
-7.727161123678E+64
-3.4303747934565E+66
f3
1756340.2471
1443833.973
1387502.7813
2027915.7298
1701542.3893
1390406.7514
1496569.5064
1410162.5904
1771938.9584
1581761.2623
1481762.6218
1222650.1737
1554658.0999
1043738.4266
1656637.7187
1633436.1818
1244167.8581
1658762.5081
1053250.4037
1128592.6503
2257645.527
1780795.2856
1402289.1565
1430169.222
1704529.8281
1424118.9112
1950977.831
1398503.8146
1394859.6218
1953709.7274
f4
91.86
97.03
99.83
99.52
98.77
99.06
87.45
99.37
98
99.42
98.72
98.93
95.79
96.24
97.99
99.13
98.03
98.63
92.42
99.25
97.15
99.12
99.39
98.61
96.23
97.78
98.9
98.64
99.39
99.5
f5
42782774985.303
36670347291.088
59058116105.671
31630288274.15
56262244264.301
34331209354.508
66364210121.022
77798089888.916
49003848483.609
75307794226.592
53654791275.741
82241447252.076
100138642207.85
56784948774.387
75567109597.733
58321417480.443
49179116573.667
69654963747.156
53671818200.936
37212418574.935
51635969732.69
59118847569.276
59967241975.557
71254574192.599
58559037284.286
73293764133.683
42066165706.204
52509169918.474
73759527678.263
74103785092.493
f6
107938.0549
89284.2078
98801.1704
118525.8353
140772.8852
83728.2048
57283.4222
78071.1018
109308.4025
97900.3459
90589.8742
84122.6648
134439.8574
115342.348
117958.9739
129048.6876
115155.2482
101948.5232
125230.1147
84098.0785
103039.5023
84734.721
97447.9681
83747.9079
111725.4935
99954.2809
88660.2018
97364.6656
98485.6562
106711.0376
f7
6887800100.5867
6006099277.6181
9050186128.3457
5365397531.4915
9086651275.1814
11656176308.229
4831163160.7795
9759057072.1959
6657841998.724
4058807141.2058
8122772993.4728
8086667499.4747
10494356705.508
8450196282.0602
8120984420.8035
9593444309.5403
6772239149.8994
7457861737.6019
10630094337.832
8443524154.8037
8151139288.3124
9161650572.9401
8419712981.2794
9239908494.595
10185457236.6
7939142674.7135
6680966591.8729
6161786591.5783
12319200194.977
10403873814.426
f8
-1768.2122079765
-1334.6789323571
-1600.4377190191
-2020.6020029737
-1363.3010746917
-1024.7693004378
-1190.6810112194
-1268.6940122067
-2011.1818174716
-1793.5671240206
-1073.8064046533
-1384.4157808033
-1537.604595653
-1226.1789117671
-1554.7173637781
-1807.1732164879
-1425.5954623529
-1552.9031183412
-1285.6653252469
-2008.2182723465
-1594.9846993966
-1121.7370711941
-1464.1937962873
-1339.3246064151
-1746.6901329057
-1643.4668816608
-1546.440637628
-1414.2686257618
-1661.6956500674
-1553.6472104432
f9
76545.809944989
90978.662978782
95982.511522967
68921.099680296
103037.91718278
89986.193669954
114244.20083482
110893.27077749
88338.926037439
91310.371881522
84849.944614067
86309.275172321
109480.85139352
99071.958609391
100547.13408585
121529.28814827
96301.107268763
99192.191909852
99987.356735221
118220.10841942
94438.403421292
71191.42202579
110628.96447699
138920.13992102
116628.22221776
105035.06308988
117098.06150623
87741.083914905
115603.37637229
116930.63376244
f10
19.181331317577
19.245930509032
19.291612717555
19.29712317303
19.229440288693
19.187633820972
19.12747624404
19.315754777633
19.135663967057
19.266643724686
19.116690622235
19.251930425659
19.20752995828
19.124833713723
19.118765972054
19.260581082518
19.197561024932
19.354672170713
19.285874635013
19.208228326477
19.105639232042
19.275668906846
19.321101100024
19.195779601202
19.321687625234
19.27476935017
19.152855159853
19.211223132335
19.155244087074
19.228589079859
f11
33.279862474839
34.2739456
18.046296693078
25.372541125
23.619918017689
32.032324333054
29.616586789206
25.51250955
20.974522223351
20.434439660634
29.865386650824
24.39724929665
17.796935449834
27.0920237
26.195083608022
21.063534766411
27.917514249972
29.474420225
23.415753275
29.7763095
30.468740956243
25.93748945
23.130207325
20.553921184742
21.479735775
-72.077458910919
24.347680025
23.4850169
27.132943247773
24.378458975
f12
-5.99352834902E+15
-5.4876794124397E+15
-7.8213095538643E+15
-6.7372901349853E+15
-8.4957422451962E+15
-6.5543366099759E+15
-7.113777551741E+15
-7.0239139140313E+15
-4.356358065543E+15
-5.684092323988E+15
-8.109506012716E+15
-7.5568416536129E+15
-8.065097011515E+15
-6.2096715391479E+15
-7.0814655821319E+15
-7.3789424765978E+15
-8.0489912549685E+15
-6.0349628309174E+15
-7.8834930458914E+15
-5.82214418536E+15
-6.6217927894062E+15
-6.6045825958254E+15
-7.3727661376019E+15
-5.0160376958134E+15
-5.6834053591712E+15
-5.5902706591113E+15
-5.8412284634815E+15
-8.644918257398E+15
-1.1299252137612E+16
-7.283847304308E+15
f13
-8.6663021812741E+15
-6.6755360169107E+15
-6.1282223742971E+15
-7.1772187945167E+15
-9.0806225627575E+15
-4.8385296198402E+15
-7.0342579566499E+15
-6.424418105342E+15
-5.0847359908952E+15
-8.6704144276734E+15
-4.9523504474874E+15
-6.9314591202148E+15
-8.5685105451342E+15
-9.5529032958959E+15
-7.3788442238981E+15
-1.0239168851867E+16
-8.4702526092242E+15
-8.1689454689986E+15
-6.964875534191E+15
-6.933729450355E+15
-9.185491617298E+15
-5.8040039129819E+15
-7.4950925022423E+15
-4.9724316758511E+15
-6.9415274909251E+15
-6.5855051974291E+15
-4.8393375043248E+15
-9.7014861731368E+15
-7.9198228253008E+15
-9.151001951157E+15

ucp,random
1151.8317516901
1141.2944755282
1146.7282033099
1149.5060285563
1148.3283803944
1150.417720669
1150.4676710563
1151.1480618486
1153.1302645696
1153.6190740352
1151.8960299616
1152.827915135
1152.2918271073
1152.2399050654
1152.4349611408
1153.0750112984
1152.1596234424
1151.6580906729
1151.8689947628
1151.2406075951
1151.6171429913
1151.2142499392
1151.3667078475
1151.6088675293
1151.5568741099
1151.4112263651
1150.8605304799
1150.3486774774
1150.5250770544
1150.721928054

ucp,seeds
1653.6838495635
1618.1721556162
1633.1596231055
1630.2492506742
1639.5443988744
1646.5692426588
1648.1329025585
1648.4851562016
1651.1343768684
1654.2344469339
1651.5841498149
1644.5856095945
1650.712393185
1653.2735420244
1655.6920511445
1657.7054419762
1658.4587063297
1651.2167908968
1650.9570440744
1657.0721118735
1654.1481098603
1651.8587668346
1652.4252070466
1648.6191067335
1649.9814670607
1653.5619424994
1656.3812794773
1658.0469661378
1657.0704831012
1657.2777306402
