sedang
591.11741099338
992.53600337404
648.59854577968
767.51526470203
1514.8601704203
815.2914009095
1048.0286160904
584.00996156699
595.82176067044
858.16009444566
688.67894198638
1082.4739001904
731.87346497891
852.68283655061
894.97020672197
823.58820860429
654.5761004048
778.04250513671
599.14672363956
650.5397452094
680.49539619978
816.58776980778
852.97310362148
894.35583418264
688.7393410042
639.48078168504
990.43387490801
1008.3740790752
845.47238811692
649.1575324629

kecil
501.9702573735
352.76608364922
490.40525203236
301.75837595028
388.24976179529
304.4147736578
327.53848324886
364.75141264834
315.83504326965
370.85921946959
368.71490244741
324.69533550977
364.54714665565
555.10070652026
339.19933099682
302.75128308959
379.88437570487
384.55753476692
380.18754720273
395.11753111155
429.88390862223
303.12200045358
331.20447003353
398.51385620129
361.40606365905
391.50116261607
376.45287473361
376.64763304377
411.51644141765
388.85821219672

pf45
905.4206270375
604.20980976809
848.97427444588
636.28556058461
655.13663984003
862.0215731175
643.93210818834
536.95158042444
706.65414797241
665.06005956733
502.25113704971
1039.0861364932
563.06704459551
544.08573467371
648.79355880259
614.82490537141
862.81843536486
912.19481620244
501.67354520102
854.79962834063
644.48805926542
780.10553175237
592.58859273183
711.88953241336
735.34159450999
544.65448772915
640.77114054507
571.72288064109
633.88029501926
489.4179362336

pf65
562.12325325365
468.84869717231
551.98812365836
595.01938382724
428.40367534415
699.13029194894
633.47230157036
428.40367534415
540.26989662875
433.71184628174
473.56321550829
517.03090560868
453.53859492254
632.14384166246
582.51290679535
479.03885404659
687.99678584799
489.29589638995
510.36659592849
575.72380646921
432.19244591927
545.98043083648
392.40605674661
641.53610757053
631.77413397106
877.21013702608
528.29730647859
385.42964864055
543.21347247523
392.85389735304

pf120
711.10155773969
736.00884941669
623.89530552534
618.36974838874
575.59527892114
800.90350521659
531.1154812745
704.62751767319
996.46082177301
636.41060038307
593.81290269659
604.17893326589
464.25468128604
531.35989636656
592.98807120836
563.26908082764
474.74254292729
440.82212588356
462.50776715752
726.26623578121
589.54117957082
698.95595722898
932.23648066419
644.68695400422
624.70188695002
956.05310741884
577.08677580804
557.72663250721
483.94424182454
494.06976809015
