SEEDS
f1
65243.38
65401.9086
65454.0843
66397.1052
67858.1101
58163.0359
70777.2996
77359.0377
63870.0683
77241.9433
67922.4175
61559.4628
59705.6534
69445.4649
61380.4494
67623.5369
69585.7125
69533.3977
62101.963
55318.5572
58801.6002
61072.9958
65150.4681
67551.9102
70309.2896
63078.9949
62293.21
59422.989
61438.1587
76874.7718
f2
-8.2651908514659E+51
-1.3412643533611E+53
-6.9703264669654E+53
-4.5366606052845E+52
-9.0206913424289E+53
-4.9125767312678E+52
-6.720357451776E+51
-2.9617472476907E+52
-2.5352183919625E+51
-1.2156188049903E+52
-1.320491686101E+53
-1.1008078017146E+53
-2.1463860274141E+53
-1.5002595635689E+53
-8.0073222789328E+52
-1.0918577977357E+52
-1.1460912060939E+53
-2.3400717999196E+54
-5.9109322760682E+51
-2.2096462502962E+52
-8.2046080439328E+52
-2.0800687151423E+51
-1.5143939548542E+53
-3.4694296822959E+53
-9.4893800603745E+50
-5.1669794512252E+51
-4.1993027885083E+51
-1.5537012420113E+52
-4.5982074793789E+51
-4.309456904794E+51
f3
878419.1971
937627.09
965327.5392
871012.948
842999.3086
783944.3818
1105323.1085
1027416.491
993377.2289
1101348.8397
939115.4165
882494.1294
867660.3511
975145.6238
889261.8764
972087.6795
1001713.8525
1133629.5089
958651.2778
826159.8512
923304.8176
887869.6637
894253.6755
1028650.9596
1073723.2257
925857.1959
894474.5902
822067.9207
995243.1928
1103591.681
f4
87.07
80.81
86.81
88.52
89
86.74
88.1
90.49
86.5
90.75
79.95
83.59
88.69
80.24
86.95
88.62
80.67
85.42
83.74
88.57
91.31
85.37
85.09
90.55
87.76
82.3
84.27
86.87
85.54
85.66
f5
28913821812.106
24685417562.453
31692022325.141
29176793112.476
34097648241.282
24575269617.393
33668692294.76
33511832814.945
28610527474.179
33717128155.736
31401699593.92
28438152495.505
33150324123.64
27936859345.758
27905668273.357
30597241088.794
35673373598.926
35045643751.358
24716586592.932
22374048146.306
24843578168.408
26190002711.832
27019069727.145
31281349414.889
33157903836.438
24420567600.897
24700163645.898
21411003911.375
26474160766.116
36699494664.241
f6
65467.1
64810.7886
65374.3343
66275.0452
68098.5401
58198.0659
70756.1996
77426.3677
63972.0783
77305.1733
68291.8675
61437.7228
59909.6734
69314.2549
61217.4494
67668.3869
69576.8425
69797.7677
62262.903
55158.6972
59017.7002
61326.8158
65768.8381
67616.3702
70262.1496
63311.6649
62355.31
59115.029
61133.9287
77156.9718
f7
5866330358.4231
3905192036.6192
5056380781.341
4943621126.4996
5374403604.9025
3677599997.0305
4811549516.8194
4927404655.9725
2954388198.6683
4885157051.7312
4692191075.9241
4950404746.003
5834330706.0652
3762273598.9848
4569189113.0042
4277513990.6643
5526458366.2573
4433127296.5659
2870748971.6627
3908297597.725
3078970090.561
3325942075.1802
4375762597.5446
5302232184.6427
4955488015.0551
4051828106.0604
4014027186.771
4594086113.5066
3115159917.0325
5029087996.2932
f8
-452.03059584495
-435.49596844817
-394.31461708372
-355.05758653129
-491.90823465451
-379.8867966435
-404.63070045672
-417.12612931439
-421.78524266279
-325.46502077005
-438.63791555346
-490.19487756038
-562.35004600794
-444.9943613382
-416.60746816394
-392.58395274915
-448.20288967083
-736.85413077035
-412.41064326533
-398.72407147321
-355.8038715945
-480.59370515573
-357.83715670827
-370.55235217467
-318.50674485781
-351.58329183467
-431.97018383606
-519.77779741583
-428.62006952123
-284.11649925521
f9
65560.791113514
65742.077667838
65780.93579468
66667.63829194
68139.563676587
58430.781792194
71041.359286517
77648.431685063
64205.326294978
77607.266377514
68253.052463118
61892.62131524
60024.578743774
69723.808123337
61729.090107008
67952.719772118
69885.64028765
69814.513962154
62382.783904529
55644.16770295
59103.569732389
61318.868233918
65477.532002655
67838.760644054
70561.157655363
63415.525983401
62657.804879072
59665.005868859
61686.161067407
77169.325627813
f10
19.287030998273
19.295016733736
19.242640526027
19.255008963486
19.202721592143
19.043286322418
19.180747593493
19.319901458797
19.205746467755
19.20671993461
19.316041466867
19.17492196094
19.276032803939
19.326031717975
19.236277463172
19.221325055864
19.172023025675
19.32113183249
18.990493843993
19.293817421563
19.211430257144
19.224620393296
19.327261135716
19.275788874512
19.294334361862
19.316703298409
19.28257357376
19.283272789748
19.221925483235
19.117727410721
f11
16.310844997069
16.349549592588
16.22061938352
16.598766117005
16.964527200879
14.540756884126
17.694307506536
19.339759179674
15.967517074867
7.9562587009065
16.980604371801
15.389865685918
14.926413193026
-151.05370160032
15.345112331472
16.905884163788
17.396428125
17.383349323977
15.52549075
13.8296393
14.700400045816
15.26824895
7.156341986862
16.656331557844
17.577322338108
15.769719204389
15.565237201004
14.85574725
15.359539674294
19.218692949855
f12
-2274959675836.1
-1744745218888
-1793725015810.1
-2125280527636.1
-2710284457680
-2021246832831.3
-1906438843088.5
-1558645615203.3
-1760744869847.1
-2459663147575.7
-2084856094231
-2610435220087.3
-2369138567384.6
-1919549494633.2
-2294766653840.1
-3420988878705
-2781891751792.1
-2335977055603.6
-2107522887861.5
-1829424369589.6
-2046066496853.9
-2122049589992.5
-2361621526919.5
-1801116717915.9
-1878079541648.4
-2426130254067.6
-2192569820197.8
-2188089553747.7
-2267494657242.1
-2875753726184.6
f13
-2887994755699.5
-2236537084323.5
-2263228002224.5
-2995258167300
-3411041887322.5
-2595400174164.8
-2389996870650.9
-1933029743573.7
-2360333586565
-3924062834825.7
-2194728623812.5
-4004009169105.8
-2982443149545.3
-2756317512556.8
-2945492809415.8
-4285840977697
-3536814727887.9
-3514250482497.5
-2401390592182.1
-2369136052850.3
-2550124026896.5
-2705059371549.6
-2981305187366.5
-2245897952498.7
-2941526013488.3
-2949593378949.9
-2613288449521.7
-2759132630182
-2776165383638.6
-3695163327707.4
f13,random
-82541768516.079
-72909072838.765
-74513034591.661
-83548778657.989
-70646579375.956
-60130062175.519
-59834919112.622
-82075240882.689
-76593208024.93
-72103549634.432
-76343921093.293
-85406147191.831
-75343388245.884
-81381821949.489
-75849389595.573
-88371293093.244
-50953307754.107
-83921804360.031
-51099506467.97
-70635963729.96
-71019514410.01
-59534374136.296
-51879786380.026
-64509978881.362
-60804120638.248
-77461038339.281
-53600814142.356
-50296912347.483
-79322428225.165
-83187856395.153
f12,random
-40148932689.725
-45600142200.124
-42196607234.003
-45875945142.54
-43640670097.501
-42340422678.885
-35954770074.831
-27494412903.063
-48022758205.259
-47939459403.852
-37632188958.202
-44213224201.883
-18557215243.156
-36295572341.492
-46259903079.705
-49034125996.272
-50190938501.072
-41862916130.116
-37426566955.283
-37413045876.668
-36274845974.721
-31576990509.602
-43672223946.109
-32760265045.798
-53817577929.23
-38809008921.843
-53260478725.102
-35326750145.072
-31435867594.817
-30190655735.213
f2,random
-6.3511908119588E+23
-5.4853219796343E+23
-2.1876254330228E+22
-3.0682357695005E+23
-3.3793583218907E+22
-3.114191476685E+23
-4.5912406720484E+21
-3.3879245179917E+23
-2.6945799555595E+23
-4.4114330551704E+21
-2.9113042831888E+23
-6.0394503122705E+21
-3.0354216468938E+24
-1.1943639832628E+22
-1.7731268579912E+21
-1.8203237341289E+22
-2.2158074390376E+23
-4.7161728456731E+25
-4.1602742578923E+21
-2.6475537941716E+21
-7.1729583314396E+21
-2.0390935245124E+23
-9.9421425819888E+23
-6.0073039694765E+21
-2.1616890072603E+22
-8.3604921906449E+21
-1.4881770265303E+22
-1.4148899533535E+21
-1.1926044161323E+21
-2.318884935764E+22
