f1,seeds,30
68527.5467
65401.9086
80418.4064
66397.1052
67858.1101
58163.0359
70777.2996
77359.0377
68793.2062
78292.3843
75208.4936
79470.8748
59705.6534
69445.4649
61380.4494
67623.5369
69585.7125
69533.3977
64808.8148
55318.5572
58801.6002
61072.9958
65150.4681
69902.4302
70309.2896
73494.9625
62293.21
59422.989
61438.1587
76874.7718
f2,seeds,30
-8.8902896465363E+20
-1.320922606242E+22
-1.3276411161952E+22
-6.7283675715795E+22
-3.5822124299894E+19
-2.595693521675E+21
-5.1054286066383E+21
-9.7908985504579E+21
-1.4101678175578E+23
-3.1604838445985E+23
-9.3247276582602E+21
-2.552087506327E+22
-1.388473485632E+23
-4.5750792448245E+22
-4.8363472137924E+21
-4.0831801805156E+20
-4.1436696549012E+21
-4.4196935870011E+22
-2.6425496836643E+20
-1.1747908028984E+22
-1.1824333136746E+22
-4.0199922356913E+21
-5.0806906172836E+20
-1.0449805227573E+24
-1.2270716813466E+23
-1.7297312138035E+22
-8.9501349399752E+22
-7.0163788004285E+21
-5.9510545157669E+20
-7.5901944916801E+21
f3,seeds,30
892850.0257
937627.09
1236728.5526
871012.948
842999.3086
828324.4794
1105323.1085
1027416.491
993377.2289
1108768.0773
940242.3565
1214616.1915
867660.3511
975145.6238
1091988.4843
972087.6795
1114236.2371
1133629.5089
958651.2778
826159.8512
972140.3634
887869.6637
894253.6755
1058274.8499
1122348.3947
1117943.7683
894474.5902
822067.9207
995243.1928
1122235.0592
f4,seeds,30
87.07
80.81
86.81
89.24
89.32
88.6
89.58
90.49
86.5
91.4
87.21
83.59
88.69
80.24
91.17
88.62
89.85
89.85
83.74
88.57
91.31
85.77
85.09
90.55
87.76
87.02
84.27
86.87
85.54
85.66
f5,seeds,30
331470195.28062
227815861.80926
290718813.67878
182928828.46094
304862910.14403
213805690.9804
270946775.59262
196035740.9765
253476128.00033
233458166.83639
317455917.60298
148536402.80841
228201252.34174
232314849.42568
319886210.79946
244461594.23513
251895657.21034
200720838.3283
249690484.75421
270618144.5168
274116202.99685
237626642.20377
249382795.30042
184086333.97435
310701952.81959
300108673.96542
264002229.05885
333292702.63301
293986158.65848
295354862.8038
f6,seeds,30
69290.2567
64810.7886
80809.4664
66275.0452
68098.5401
58198.0659
70756.1996
77426.3677
68727.9462
77883.7543
75486.3936
79246.4548
59909.6734
69314.2549
61217.4494
67668.3869
69576.8425
69797.7677
64896.5348
55158.6972
59017.7002
61326.8158
65768.8381
69717.8902
70262.1496
73885.5525
62355.31
59115.029
61133.9287
77156.9718
f7,seeds,30
147.45296558203
130.57724166204
114.29025211223
95.85205783746
117.06296892304
124.28698855257
147.90851617739
125.87053793782
147.05309036534
122.51371497158
151.9696389809
127.01759063023
135.62673065006
147.7901509268
116.48271668899
167.00246539811
158.41294895057
184.07537318549
125.9189302325
130.02248975851
118.36878539694
131.82000485757
153.33118510371
177.6556294629
123.04024618891
148.90316622857
150.04268575507
146.26618069279
125.8832753195
140.11367757953
f8,seeds,30
-2686.6458937634
-2434.6258362245
-1832.425405712
-1886.1509847171
-2450.2049526089
-1866.2404480744
-1602.1637544883
-2031.9353706303
-3360.1188786705
-2519.4860731002
-2300.7057537021
-2340.9426447008
-2306.9217631977
-2565.2694724086
-2398.9447836243
-1696.1614759244
-1885.6649842507
-2271.0837129276
-2057.889932802
-2664.0451844245
-2405.5277489185
-2632.5142944003
-2496.4906123975
-1663.9983897692
-2434.6855102557
-1948.6132512942
-3355.3205379531
-1722.1428152894
-2101.0780907559
-2185.4351329069
f9,seeds,30
447.00188674616
456.1603343935
472.61033376373
381.21268171247
401.77749942861
431.64831764357
474.67101869898
435.94970688708
449.69994084682
473.69661376978
419.53279053197
452.74682091181
445.29169995815
426.61340954453
392.05272407124
431.09101154035
450.34724206484
461.75899578272
457.30316081561
447.60149473358
513.18562038636
448.51601000809
384.49614182989
397.96289022851
411.97332291351
398.57054323797
468.57449371803
407.81133525644
486.87767672921
478.35130869493
f10,seeds,30
-2.1406359875688
-2.0661417297462
-2.1402888987776
-2.1399877163218
-2.1348189519707
19.059294835351
-2.1353770242727
-0.13151589235221
-2.1394543108841
-2.1390230951657
-2.1406701916927
-2.139641673219
19.291920136084
-2.1392050847876
-2.1385796014452
19.335545360062
19.220535536415
-2.1389013891878
-0.057950686670524
-2.1390551636034
-2.1404976008257
-2.1401114651607
19.300569649789
-1.6819738368316
-2.1408112324583
-2.1381195529741
19.254782393631
-1.9488761210548
-2.1227851613241
19.232166123452
f11,seeds,30
558.81241484249
686.06246204999
743.07598132499
698.3481658
485.98774185
681.922521975
634.10332900636
634.56151815088
637.23688057497
581.52301671724
663.37604244804
700.93006196338
701.39913177306
654.78126069184
584.44448428601
628.6241467098
697.63519353767
632.14399892499
662.095289775
560.40322335
579.79765484931
642.29785784438
525.43395342499
686.870838275
532.322568725
610.1614506269
605.76319112495
577.04922964998
604.907724875
652.81587972368
f12,seeds,30
-39067085366.089
-29260736953.659
-54878389362.076
-34996532292.09
-28508979785.603
-41727169028.656
-33311994000.913
-27265824789.585
-34350012646.167
-26691341723.398
-34760109796.527
-36094682760.715
-57454505409.283
-32506449668.305
-22828685350.535
-26514157502.193
-42548790054.191
-26818285142.048
-44341681953.434
-38320859089.057
-26085247900.226
-35183932058.241
-33531767844.974
-38817093344.293
-52165862270.758
-39234417619.135
-23291266442.159
-31907126715.526
-35734226075.628
-31933744059.876
f13,seeds,30
-69929347670.04
-48722419573.3
-103989796403.18
-59210160182.247
-49087468920.194
-73799524533.171
-56738899291.229
-42952851781.392
-56681571417.825
-49198987960.385
-59319320428.377
-56803323961.74
-100355277369.81
-57880606042.68
-37894600042.679
-47719592734.173
-73309615833.556
-41022189929.764
-77124604246.162
-59203914018.535
-46716556246.383
-59459066102.796
-55927935787.784
-83949116844.622
-85388896504.081
-53410449987.996
-48547783571.559
-52011882239.843
-60081293628.155
-55684982394.395
ucp,random
1179.0315427465
1174.8680335563
1177.9242153052
1181.1142340493
1182.9702964507
1184.018616784
1186.0007947485
1186.5685763116
1189.523418482
1191.9480781901
1190.8531795262
1191.4662718721
1192.2563262784
1193.5433346932
1193.8241126432
1193.3284685343
1193.5684360729
1194.0920275274
1194.1664317754
1193.8230444613
1193.5375658518
1193.0005448079
1193.3006492835
1192.6220863615
1192.2093738845
1191.5243950081
1191.0742534742
1191.8311352741
1192.1864803181
1191.9648198756
ucp,seeds,30
1186.6621276761
1178.6043542254
1204.1973048122
1191.4962483275
1210.9598105493
1210.9884341549
1214.1962376258
1212.2735705458
1213.2182905243
1211.7877379437
1211.6019762996
1206.6364940082
1212.338389507
1214.7702072083
1210.3034839108
1211.4585759111
1208.4581626719
1210.6323106221
1214.0396916642
1216.0965297394
1211.7212349698
1216.8693398816
1216.0339477281
1212.83940652
1212.8514835887
1213.4638353927
1209.945475965
1211.5061046076
1207.6180675789
1207.1975860892
