f1
84585.7368
127385.7154
110786.9205
87161.1897
106625.9309
97988.9945
85660.5422
76646.072
78279.2443
104333.5474
76987.9839
138891.0243
102861.0269
88351.4868
72098.2266
116104.8291
91518.5696
115161.6894
102133.5811
96175.2212
93257.9231
132315.417
75010.5931
95657.6194
129826.1796
100620.2577
107068.4746
88751.6815
108557.1212
107789.0911
f2
-4.2870649651045E+63
-3.1738727817583E+64
-2.7122449808351E+64
-9.1975080299936E+64
-2.3406715596643E+67
-7.6088527167658E+65
-1.1260465537896E+64
-3.3171504873654E+66
-8.1958947995725E+62
-9.5817746430915E+62
-8.7549033803869E+64
-3.4589725681005E+63
-6.3593680226681E+64
-3.5536649814548E+64
-1.2752094891946E+65
-1.5063670011317E+65
-2.4713884343138E+65
-8.2291125595215E+67
-5.3035987614519E+65
-6.178986983892E+64
-8.7533620657938E+62
-1.3258865778674E+67
-3.5741580487508E+63
-1.0795614351454E+65
-7.2784876712819E+65
-1.1168018505472E+66
-2.5493333644292E+65
-3.5429005505552E+65
-1.7077511391667E+65
-6.116520749017E+65
f3
1501188.2965
1441313.7608
1189034.2437
1118962.7589
1574019.9815
1286025.4222
1488836.2186
989327.3312
1790537.3864
1531479.4098
1413235.3108
1827618.4267
1309142.8976
1419905.6238
1854650.6478
1187666.0043
1626200.9592
1609805.926
1588434.7311
2109737.7702
1462251.5894
1248890.5604
2023851.9674
1714893.4275
1589578.85
1654253.0519
1463584.6657
1239044.489
1233601.0978
1676227.4169
f4
95.67
99.52
99.65
91.87
94.44
99.72
99.63
98.99
93.85
98.01
94.47
98.85
99.79
98.51
96.96
99.51
96.08
99.28
95.7
97.88
99.12
97.49
98.8
95.05
99.68
97.48
98.44
96.98
97.21
99.05
f5
60650532651.296
72411991492.847
42445546064.849
49857747487.472
55856578591.359
72691475173.296
52451945616.892
70634617820.751
78493577630.888
47466752118.335
83243447251.136
32568873662.165
75886217941.9
49749249802.132
49077751067.44
40094788566.836
39423207907.554
57242551172.171
64313306579.537
80283334439.778
68902032443.558
37059762488.171
52567403382.548
56225881524.896
68512393204.239
52324493547.672
52347939929.486
53301648718.955
51365271198.77
71335145116.84
f6
98509.3762
88789.4945
121936.73
103775.6555
95215.6519
73713.2411
93398.6058
87218.8553
98860.4514
102003.2803
124884.3753
118231.8587
128603.3012
105059.6022
102476.3696
86980.6504
88713.8734
141496.3635
108429.191
112707.7099
86531.6943
69518.9942
95391.6983
93149.5917
104838.7711
110723.428
116130.44
89181.7793
67419.4124
114674.0758
f7
4814313961.6531
11690116761.477
6673947109.1839
9776247799.3668
8677065714.1876
10551103453.683
9981864880.4173
11006318990.722
11813382059.987
10065332765.132
8098141157.6462
12061151713.013
9833304137.4954
5590457280.2006
6995697867.9877
16015428797.242
6217367598.7031
7237083493.0074
8587514542.1476
12993641067.985
5042647186.0743
9827768913.2971
6093792764.5807
9110168436.6145
8354675763.2385
8272330931.8137
5414850593.8279
9593897384.5026
10771359301.161
10271940321.181
f8
-1529.326613161
-2107.0503108665
-1431.5680340157
-1978.2494873228
-948.2860220356
-1221.1032067722
-1397.8361227363
-1659.952799727
-1374.7986850211
-1841.1818672689
-1508.2743643083
-1603.0738843858
-1260.9633080565
-1136.6517114029
-818.75913984194
-1125.1237358118
-1326.7047025573
-1024.9582483922
-1014.8211630219
-1506.8107180855
-1770.5868857062
-1313.0698738558
-1196.0541108057
-1355.0882606988
-1300.0532253245
-2063.9338955503
-1280.7278551316
-1138.6686086149
-1581.0267847709
-1886.4345882642
f9
112526.12744629
96676.214977585
101470.44851351
106371.81853729
113625.80712592
121622.32739075
97573.49234101
101336.17174593
69002.658763607
116478.1514069
112561.22792141
126304.47068292
112134.47401646
77389.157878878
112096.29610523
99456.691422685
102988.0733831
97991.903064458
79910.491729983
94853.567879185
88845.844768373
71669.491743986
85455.127523276
113025.51175603
77924.429127107
128173.14185715
136709.17599764
87760.178908564
95188.403365934
93437.080312895
f10
19.302688822578
19.22460883595
19.238868133979
19.323118903812
19.19509646111
19.127898640904
19.198594634303
19.269518886822
19.151709293142
19.163787639263
19.256943737527
19.22736433802
19.065900965005
19.268100995852
19.42424694618
19.275749317285
19.288924275077
19.272996423751
19.274532825925
19.215843750093
19.207888049836
19.247684078244
19.38531035936
19.243300768238
19.331050688184
19.332767466365
19.27771483458
19.26596978857
19.222051638238
19.200954261848
f11
20.007013714616
22.029485683066
26.233217649026
20.522633025
18.855535674957
23.626348675
36.408438075
-7.5702135502931
26.863510549152
36.244036599994
23.193377275
29.552253417771
22.114751755372
30.873819494124
-4485.8139453655
24.845016774994
27.02805234992
26.467624461423
28.322407902391
23.536797622822
18.733322611806
30.701812799872
25.328014249861
22.104876299997
19.896113647811
24.486036472969
23.154364110461
21.2901065
27.641779149351
20.924625120367
f12
-8.5591901647497E+15
-4.8343200553558E+15
-5.2950785141294E+15
-5.2238833370914E+15
-6.7300406153504E+15
-6.2604525428436E+15
-3.9031920907333E+15
-6.4954168950851E+15
-7.6249324994314E+15
-6.6519910277966E+15
-7.1628475792635E+15
-5.4643507806902E+15
-5.9971384534567E+15
-5.0356954979504E+15
-9.0176845985067E+15
-6.027374196076E+15
-8.006553500587E+15
-9.3672331252049E+15
-6.6827779226967E+15
-6.8088451169572E+15
-6.6186831217604E+15
-6.1480844334793E+15
-8.2770988880811E+15
-6.9493750544191E+15
-5.8635401189723E+15
-5.3445590703288E+15
-6.0316619769727E+15
-8.0330721472555E+15
-6.2942679236955E+15
-8.3647931412228E+15
f13
-7.7040678643028E+15
-7.070619169336E+15
-8.9013367338508E+15
-8.4596255903788E+15
-6.0125951027428E+15
-7.4591270127282E+15
-5.2888481632317E+15
-6.6976306688992E+15
-1.0376033626034E+16
-7.9305364778727E+15
-8.2930760370678E+15
-6.5173967690511E+15
-9.246128391031E+15
-9.9613320357115E+15
-6.3667888282297E+15
-7.0099416520304E+15
-7.8161895596246E+15
-8.2065391108174E+15
-4.9490343107835E+15
-7.0363372396854E+15
-6.4321002212283E+15
-6.8625717125448E+15
-8.316566033332E+15
-6.1575687541664E+15
-6.8770482026586E+15
-7.2836647115487E+15
-6.6239692313755E+15
-9.9752437154209E+15
-7.0256936052367E+15
-5.3400180994385E+15
